00100111100000111111000100000001
00100111100000111110000100000001
00100111100000111110001000000010
00110000010001000101000100000000
00100111100000111110001100000011
00110000010001000111000100000000
00100111100000111110010000000100
00110000010001001001000100000000
00100111100000111110010100000101
00110000010001001011000100000000
00100111100000111110011000000010
00110000010001001101000100000000
00100111100000111110011100000000
00110000010001001111000100000000
10000000010001000000000000000000
10000000000100000000000000000000