1
00 1 00 1111 00000 11111 10001 00000001
00 1 00 1111 00000 11111 00001 00000001

2
00 1 00 1111 00000 11111 00010 00000010
00 1 10 0000 10001 00010 10001 00000000

3
00 1 00 1111 00000 11111 00011 00000011
00 1 10 0000 10001 00011 10001 00000000

4
00 1 00 1111 00000 11111 00100 00000100
00 1 10 0000 10001 00100 10001 00000000

5
00 1 00 1111 00000 11111 00101 00000101
00 1 10 0000 10001 00101 10001 00000000

6
00 1 00 1111 00000 11111 00110 00000110
00 1 10 0000 10001 00110 10001 00000000

7
00 1 00 1111 00000 11111 00111 00000000
00 1 10 0000 10001 00111 10001 00000000

8
00 1 00 1111 00000 11111 01000 00000001
00 1 10 0000 10001 01000 10001 00000000

9
00 1 00 1111 00000 11111 01001 00000000
00 1 10 0000 10001 01001 10001 00000000

10
00 1 00 1111 00000 11111 01010 00000001
00 1 10 0000 10001 01010 10001 00000000

11
00 1 00 1111 00000 11111 01011 00000000
00 1 10 0000 10001 01011 10001 00000000

12
00 1 00 1111 00000 11111 01100 00000001
00 1 10 0000 10001 01100 10001 00000000

13
00 1 00 1111 00000 11111 01101 00000001
00 1 10 0000 10001 01101 10001 00000000

14
00 1 00 1111 00000 11111 01110 00000001
00 1 10 0000 10001 01110 10001 00000000

15
00 1 00 1111 00000 11111 01111 00000001
00 1 10 0000 10001 01111 10001 00000000

16
00 1 00 1111 00000 11111 10000 00000001
00 1 10 0000 10001 10000 10001 00000000

запись 16 в reg[18] и деление
00 1 00 1111 00000 11111 10010 00000100
00 1 10 0101 10001 10010 10001 00000000


конец
10 0 00 0000 10001 00000 00000 00000000
10 0 00 0000 00100 00000 00000 00000000