0 0 1 01 1111 00000 11111 00001 00000000
0 0 1 00 1111 00000 11111 00010 00000000
0 0 1 00 1111 00000 11111 00011 00000001
0 0 1 00 1111 00000 11111 00100 00000100
0 0 1 00 1111 00000 11111 00101 00010000
0 0 1 00 1111 00000 11111 00110 01000000
0 0 1 00 1111 00000 11111 00111 00000001
0 0 1 00 1111 00000 11111 01000 01000000
0 0 1 10 0100 00011 00001 00011 00000000
0 0 1 10 0000 00010 00011 00010 00000000
0 0 1 10 0100 00100 00001 00100 00000000
0 0 1 10 0000 00010 00100 00100 00000000
0 0 1 10 0110 00100 00111 00100 00000000
0 0 1 10 0000 00100 00010 00010 00000000
0 0 1 10 0100 00101 00001 00101 00000000
0 0 1 10 0110 00101 00111 00101 00000000
0 0 1 10 0110 00101 00111 00101 00000000
0 0 1 10 0000 00101 00010 00010 00000000
0 0 1 10 0100 00110 00001 00110 00000000
0 0 1 10 0110 00110 00111 00110 00000000
0 0 1 10 0110 00110 00111 00110 00000000
0 0 1 10 0110 00110 00111 00110 00000000
0 0 1 10 0000 00110 00010 00010 00000000
0 0 1 10 0110 00001 00111 00001 00000000
0 0 1 10 0110 00001 00111 00001 00000000
0 0 1 10 0100 01000 00001 01000 00000000
0 0 1 10 0110 01000 00111 01000 00000000
0 0 1 10 0110 01000 00111 01000 00000000
0 0 1 10 0000 01000 00010 00010 00000000
0 0 1 10 0000 00010 00010 00011 00000000
0 0 1 10 0000 00010 00011 00010 00000000
00 1 00 1111 00000 11111 11111  00000001
1 0 0 00 0010 00010 00010 00000 00000000