1
00 1 00 1111 00000 11111 10001 00000001
00 1 00 1111 00000 11111 00001 00000001

2
00 1 00 1111 00000 11111 00010 00000010
00 1 10 0000 10001 00010 10001 00000000

3
00 1 00 1111 00000 11111 00011 00000011
00 1 10 0000 10001 00011 10001 00000000

4
00 1 00 1111 00000 11111 00100 00000100
00 1 10 0000 10001 00100 10001 00000000

5
00 1 00 1111 00000 11111 00101 00000101
00 1 10 0000 10001 00101 10001 00000000

6
00 1 00 1111 00000 11111 00110 00000110
00 1 10 0000 10001 00110 10001 00000000

7
00 1 00 1111 00000 11111 00111 00000000
00 1 10 0000 10001 00111 10001 00000000

8
00 1 00 1111 00000 11111 01000 00000001
00 1 10 0000 10001 01000 10001 00000000

конец
10 0 00 0000 10001 00000 00000 00000000


001000000000000000 000001 00001111
001010000000000000 000010 00000000
001000000000000000 000011 00000001
010001100000100000 000000 00001001
010001001000010000 000000 00000100
001100111000010001 100001 00000000
001100001000100001 100010 00000000
100000000000000000 000000 11111100
001100111000010001 100001 00000000
001100011000010001 100001 00000000
001100001000100001 100010 00000000
100000000000000000 000000 11111000
100000000000010000 000000 00000000

