00000000000000000000000010000001
00000000000000000000000010000010
00000000000000000000000010000011
00000000000000000000000010000100
00000000000000000000000010000101
00000000000000000000000010000110
00000000000000000000000010000111
00000000000000000000000010001000
00000000000000000000000010001001
00000000000000000000000010001010
00000000000000000000000010001011
00000000000000000000000010001100
00000000000000000000000010001101
00000000000000000000000010001110
00000000000000000000000010001111
00000000000000000000000010010000