// сумма в reg[2]

// достаем константу в reg[1]
000000000000 00000 010 00001 0000011 

reg[2] = reg[1] + reg[2]
0000000 00001 00010 000 00010 0110011

// достаем константу в reg[1]
000000000100 00000 010 00001 0000011 

reg[2] = reg[1] + reg[2]
0000000 00001 00010 000 00010 0110011

// достаем константу в reg[1]
000000001000 00000 010 00001 0000011
0000000 00001 00010 000 00010 0110011

000000001100 00000 010 00001 0000011
0000000 00001 00010 000 00010 0110011

000000010000 00000 010 00001 0000011
0000000 00001 00010 000 00010 0110011

000000010100 00000 010 00001 0000011
0000000 00001 00010 000 00010 0110011